0.010000	0.064576
0.020000	0.066817
0.030000	0.071735
0.040000	0.079670
0.050000	0.089601
0.060000	0.121448
0.070000	0.144788
0.080000	0.143610
0.090000	0.205942
0.100000	0.202901
0.110000	0.189538
0.120000	0.191444
0.130000	0.171501
0.140000	0.168279
0.150000	0.157701
0.160000	0.137130
0.170000	0.117222
0.180000	0.100261
0.190000	0.112548
0.200000	0.124686
0.210000	0.131546
0.220000	0.141620
0.230000	0.147769
0.240000	0.161852
0.250000	0.171978
0.260000	0.174242
0.270000	0.166194
0.280000	0.150922
0.290000	0.132382
0.300000	0.116244
0.310000	0.101867
0.320000	0.087634
0.330000	0.080505
0.340000	0.074520
0.350000	0.070073
0.360000	0.067921
0.370000	0.067789
0.380000	0.068387
0.390000	0.068622
0.400000	0.068059
0.410000	0.066573
0.420000	0.063843
0.430000	0.060029
0.440000	0.055437
0.450000	0.054585
0.460000	0.052113
0.470000	0.052477
0.480000	0.052036
0.490000	0.051185
0.500000	0.050975
0.510000	0.049033
0.520000	0.043747
0.530000	0.037512
0.540000	0.032566
0.550000	0.031275
0.560000	0.033068
0.570000	0.035515
0.580000	0.037857
0.590000	0.038988
0.600000	0.038736
0.610000	0.037415
0.620000	0.035906
0.630000	0.036138
0.640000	0.038508
0.650000	0.040803
0.660000	0.042536
0.670000	0.043312
0.680000	0.043044
0.690000	0.041856
0.700000	0.040321
0.710000	0.039545
0.720000	0.039800
0.730000	0.040325
0.740000	0.040809
0.750000	0.041306
0.760000	0.041958
0.770000	0.043036
0.780000	0.044127
0.790000	0.044190
0.800000	0.043166
0.810000	0.041490
0.820000	0.039638
0.830000	0.037687
0.840000	0.035337
0.850000	0.032298
0.860000	0.030509
0.870000	0.030253
0.880000	0.029019
0.890000	0.027051
0.900000	0.026105
0.910000	0.025441
0.920000	0.025725
0.930000	0.025850
0.940000	0.025667
0.950000	0.025205
0.960000	0.024522
0.970000	0.025363
0.980000	0.026014
0.990000	0.026343
1.000000	0.026341
1.010000	0.026055
1.020000	0.025524
1.030000	0.025398
1.040000	0.025191
1.050000	0.025044
1.060000	0.024857
1.070000	0.024675
1.080000	0.024531
1.090000	0.024433
1.100000	0.024390
1.110000	0.024849
1.120000	0.025230
1.130000	0.025296
1.140000	0.025054
1.150000	0.024980
1.160000	0.025271
1.170000	0.025533
1.180000	0.025741
1.190000	0.025867
1.200000	0.025896
1.210000	0.025821
1.220000	0.025865
1.230000	0.025868
1.240000	0.025838
1.250000	0.025772
1.260000	0.025642
1.270000	0.025427
1.280000	0.025127
1.290000	0.024728
1.300000	0.024232
1.310000	0.023643
1.320000	0.022970
1.330000	0.022214
1.340000	0.021394
1.350000	0.020514
1.360000	0.019589
1.370000	0.018628
1.380000	0.017642
1.390000	0.016645
1.400000	0.016589
1.410000	0.016787
1.420000	0.016830
1.430000	0.016736
1.440000	0.016565
1.450000	0.016708
1.460000	0.016813
1.470000	0.016965
1.480000	0.017023
1.490000	0.017004
1.500000	0.016930
1.510000	0.016823
1.520000	0.016699
1.530000	0.016818
1.540000	0.016948
1.550000	0.016951
1.560000	0.016838
1.570000	0.016619
1.580000	0.016292
1.590000	0.016260
1.600000	0.016264
1.610000	0.016257
1.620000	0.016227
1.630000	0.016154
1.640000	0.016026
1.650000	0.015831
1.660000	0.015559
1.670000	0.015203
1.680000	0.014974
1.690000	0.015101
1.700000	0.015162
1.710000	0.015150
1.720000	0.015056
1.730000	0.014882
1.740000	0.014625
1.750000	0.014289
1.760000	0.013877
1.770000	0.013483
1.780000	0.013355
1.790000	0.013269
1.800000	0.013157
1.810000	0.013003
1.820000	0.012804
1.830000	0.012560
1.840000	0.012274
1.850000	0.011955
1.860000	0.011625
1.870000	0.011622
1.880000	0.011835
1.890000	0.012001
1.900000	0.012108
1.910000	0.012155
1.920000	0.012150
1.930000	0.012106
1.940000	0.012042
1.950000	0.011974
1.960000	0.011920
1.970000	0.011888
1.980000	0.011884
1.990000	0.011909
2.000000	0.011961
2.010000	0.012034
2.020000	0.012122
2.030000	0.012216
2.040000	0.012308
2.050000	0.012388
2.060000	0.012450
2.070000	0.012483
2.080000	0.012484
2.090000	0.012448
2.100000	0.012373
2.110000	0.012264
2.120000	0.012124
2.130000	0.011962
2.140000	0.011790
2.150000	0.011618
2.160000	0.011462
2.170000	0.011334
2.180000	0.011245
2.190000	0.011205
2.200000	0.011249
2.210000	0.011283
2.220000	0.011395
2.230000	0.011547
2.240000	0.011725
2.250000	0.011916
2.260000	0.012105
2.270000	0.012279
2.280000	0.012429
2.290000	0.012547
2.300000	0.012626
2.310000	0.012662
2.320000	0.012653
2.330000	0.012601
2.340000	0.012518
2.350000	0.012646
2.360000	0.012731
2.370000	0.012777
2.380000	0.012790
2.390000	0.012776
2.400000	0.012742
2.410000	0.012692
2.420000	0.012631
2.430000	0.012563
2.440000	0.012487
2.450000	0.012405
2.460000	0.012315
2.470000	0.012217
2.480000	0.012110
2.490000	0.011993
2.500000	0.011865
2.510000	0.011727
2.520000	0.011579
2.530000	0.011424
2.540000	0.011263
2.550000	0.011099
2.560000	0.010932
2.570000	0.010764
2.580000	0.010612
2.590000	0.010628
2.600000	0.010655
2.610000	0.010691
2.620000	0.010735
2.630000	0.010783
2.640000	0.010831
2.650000	0.010874
2.660000	0.010910
2.670000	0.010933
2.680000	0.010940
2.690000	0.010929
2.700000	0.010895
2.710000	0.010837
2.720000	0.010752
2.730000	0.010642
2.740000	0.010507
2.750000	0.010348
2.760000	0.010169
2.770000	0.009972
2.780000	0.009792
2.790000	0.009710
2.800000	0.009611
2.810000	0.009495
2.820000	0.009365
2.830000	0.009225
2.840000	0.009076
2.850000	0.008920
2.860000	0.008758
2.870000	0.008592
2.880000	0.008421
2.890000	0.008247
2.900000	0.008069
2.910000	0.007886
2.920000	0.007697
2.930000	0.007503
2.940000	0.007303
2.950000	0.007095
2.960000	0.006881
2.970000	0.006660
2.980000	0.006433
2.990000	0.006201
